#SiO2	 TiO2	Al2O3 FeOt	MnO	MgO	CaO	Na2O	K2O	Cr2O3 P2O5
52.99	2.72	14.39	7.53	0.1	4.45	5.22	4.31	6.09	0	1.1
52.99	2.72	14.39	7.53	0.1	4.45	5.22	4.31	6.09	0	1.1
52.99	2.72	14.39	7.53	0.1	4.45	5.22	4.31	6.09	0	1.1
52.99	2.72	14.39	7.53	0.1	4.45	5.22	4.31	6.09	0	1.1
52.99	2.72	14.39	7.53	0.1	4.45	5.22	4.31	6.09	0	1.1
52.99	2.72	14.39	7.53	0.1	4.45	5.22	4.31	6.09	0	1.1
53.21	2.42	13.94	7.41	0.11	5.93	5.15	3.86	5.63	0	1.01
53.21	2.42	13.94	7.41	0.11	5.93	5.15	3.86	5.63	0	1.01
53.21	2.42	13.94	7.41	0.11	5.93	5.15	3.86	5.63	0	1.01
53.21	2.42	13.94	7.41	0.11	5.93	5.15	3.86	5.63	0	1.01
53.21	2.42	13.94	7.41	0.11	5.93	5.15	3.86	5.63	0	1.01
53.21	2.42	13.94	7.41	0.11	5.93	5.15	3.86	5.63	0	1.01
53.21	2.42	13.94	7.41	0.11	5.93	5.15	3.86	5.63	0	1.01
53.21	2.42	13.94	7.41	0.11	5.93	5.15	3.86	5.63	0	1.01
53.21	2.42	13.94	7.41	0.11	5.93	5.15	3.86	5.63	0	1.01
53.21	2.42	13.94	7.41	0.11	5.93	5.15	3.86	5.63	0	1.01
53.21	2.42	13.94	7.41	0.11	5.93	5.15	3.86	5.63	0	1.01
53.21	2.42	13.94	7.41	0.11	5.93	5.15	3.86	5.63	0	1.01
53.21	2.42	13.94	7.41	0.11	5.93	5.15	3.86	5.63	0	1.01
53.21	2.42	13.94	7.41	0.11	5.93	5.15	3.86	5.63	0	1.01
53.21	2.42	13.94	7.41	0.11	5.93	5.15	3.86	5.63	0	1.01
53.21	2.42	13.94	7.41	0.11	5.93	5.15	3.86	5.63	0	1.01
53.21	2.42	13.94	7.41	0.11	5.93	5.15	3.86	5.63	0	1.01
53.21	2.42	13.94	7.41	0.11	5.93	5.15	3.86	5.63	0	1.01
53.21	2.42	13.94	7.41	0.11	5.93	5.15	3.86	5.63	0	1.01
53.21	2.42	13.94	7.41	0.11	5.93	5.15	3.86	5.63	0	1.01
53.54	2.42	14.02	7.44	0.1	5.99	5.17	3.85	5.64	0	1
53.54	2.42	14.02	7.44	0.1	5.99	5.17	3.85	5.64	0	1
53.54	2.42	14.02	7.44	0.1	5.99	5.17	3.85	5.64	0	1
53.54	2.42	14.02	7.44	0.1	5.99	5.17	3.85	5.64	0	1
53.54	2.42	14.02	7.44	0.1	5.99	5.17	3.85	5.64	0	1
53.54	2.42	14.02	7.44	0.1	5.99	5.17	3.85	5.64	0	1
53.54	2.42	14.02	7.44	0.1	5.99	5.17	3.85	5.64	0	1
53.54	2.42	14.02	7.44	0.1	5.99	5.17	3.85	5.64	0	1
53.54	2.42	14.02	7.44	0.1	5.99	5.17	3.85	5.64	0	1
53.54	2.42	14.02	7.44	0.1	5.99	5.17	3.85	5.64	0	1
53.54	2.42	14.02	7.44	0.1	5.99	5.17	3.85	5.64	0	1
53.54	2.42	14.02	7.44	0.1	5.99	5.17	3.85	5.64	0	1
53.54	2.42	14.02	7.44	0.1	5.99	5.17	3.85	5.64	0	1
53.54	2.42	14.02	7.44	0.1	5.99	5.17	3.85	5.64	0	1
53.54	2.42	14.02	7.44	0.1	5.99	5.17	3.85	5.64	0	1
53.54	2.42	14.02	7.44	0.1	5.99	5.17	3.85	5.64	0	1
53.54	2.42	14.02	7.44	0.1	5.99	5.17	3.85	5.64	0	1
53.54	2.42	14.02	7.44	0.1	5.99	5.17	3.85	5.64	0	1
53.54	2.42	14.02	7.44	0.1	5.99	5.17	3.85	5.64	0	1
53.54	2.42	14.02	7.44	0.1	5.99	5.17	3.85	5.64	0	1
53.54	2.42	14.02	7.44	0.1	5.99	5.17	3.85	5.64	0	1
49.21	2.34	13.25	8.67	0.13	7.69	7.29	4.23	4.73	0	1.02
49.21	2.34	13.25	8.67	0.13	7.69	7.29	4.23	4.73	0	1.02
52.37	2.57	13.62	7.62	0.11	6.87	5.42	3.61	5.66	0	1.01
52.37	2.57	13.62	7.62	0.11	6.87	5.42	3.61	5.66	0	1.01
53.32 	2.34 	13.97 	7.39 	0.11 	5.97 	5.10 	3.94 	5.55 	0.00 	0.97 
53.32 	2.34 	13.97 	7.39 	0.11 	5.97 	5.10 	3.94 	5.55 	0.00 	0.97 
53.32 	2.34 	13.97 	7.39 	0.11 	5.97 	5.10 	3.94 	5.55 	0.00 	0.97 
53.32 	2.34 	13.97 	7.39 	0.11 	5.97 	5.10 	3.94 	5.55 	0.00 	0.97 
53.54	2.42	14.02	7.44	0.1	5.99	5.17	3.85	5.64	0	1
53.54	2.42	14.02	7.44	0.1	5.99	5.17	3.85	5.64	0	1
53.54	2.42	14.02	7.44	0.1	5.99	5.17	3.85	5.64	0	1
53.54	2.42	14.02	7.44	0.1	5.99	5.17	3.85	5.64	0	1
53.54	2.42	14.02	7.44	0.1	5.99	5.17	3.85	5.64	0	1
53.54	2.42	14.02	7.44	0.1	5.99	5.17	3.85	5.64	0	1
53.54	2.42	14.02	7.44	0.1	5.99	5.17	3.85	5.64	0	1
53.54	2.42	14.02	7.44	0.1	5.99	5.17	3.85	5.64	0	1
53.54	2.42	14.02	7.44	0.1	5.99	5.17	3.85	5.64	0	1
53.54	2.42	14.02	7.44	0.1	5.99	5.17	3.85	5.64	0	1
53.54	2.42	14.02	7.44	0.1	5.99	5.17	3.85	5.64	0	1
53.21	2.42	13.94	7.41	0.11	5.93	5.15	3.86	5.63	0	1.01
53.21	2.42	13.94	7.41	0.11	5.93	5.15	3.86	5.63	0	1.01
53.21	2.42	13.94	7.41	0.11	5.93	5.15	3.86	5.63	0	1.01
53.21	2.42	13.94	7.41	0.11	5.93	5.15	3.86	5.63	0	1.01
53.21	2.42	13.94	7.41	0.11	5.93	5.15	3.86	5.63	0	1.01
53.21	2.42	13.94	7.41	0.11	5.93	5.15	3.86	5.63	0	1.01
53.21	2.42	13.94	7.41	0.11	5.93	5.15	3.86	5.63	0	1.01
53.21	2.42	13.94	7.41	0.11	5.93	5.15	3.86	5.63	0	1.01
53.21	2.42	13.94	7.41	0.11	5.93	5.15	3.86	5.63	0	1.01
53.21	2.42	13.94	7.41	0.11	5.93	5.15	3.86	5.63	0	1.01
53.21	2.42	13.94	7.41	0.11	5.93	5.15	3.86	5.63	0	1.01
49.21	2.34	13.25	8.67	0.13	7.69	7.29	4.23	4.73	0	1.02

